c Guide_tapering.comp
c i = 0 - 171 segments
c h1(i)     h2(i)   w1(i)    w2(i)
0.049997 0.049902 0.019700 0.019672
0.049902 0.049807 0.019672 0.019645
0.049807 0.049711 0.019645 0.019617
0.049711 0.049615 0.019617 0.019589
0.049615 0.049519 0.019589 0.019562
0.049519 0.049423 0.019562 0.019534
0.049423 0.049327 0.019534 0.019506
0.049327 0.049231 0.019506 0.019479
0.049231 0.049134 0.019479 0.019451
0.049134 0.049037 0.019451 0.019424
0.049037 0.048940 0.019424 0.019396
0.048940 0.048843 0.019396 0.019368
0.048843 0.048745 0.019368 0.019341
0.048745 0.048648 0.019341 0.019313
0.048648 0.048550 0.019313 0.019285
0.048550 0.048452 0.019285 0.019258
0.048452 0.048354 0.019258 0.019230
0.048354 0.048255 0.019230 0.019202
0.048255 0.048157 0.019202 0.019175
0.048157 0.048058 0.019175 0.019147
0.048058 0.047959 0.019147 0.019119
0.047959 0.047860 0.019119 0.019092
0.047860 0.047760 0.019092 0.019064
0.047760 0.047661 0.019064 0.019036
0.047661 0.047561 0.019036 0.019009
0.047561 0.047461 0.019009 0.018981
0.047461 0.047361 0.018981 0.018954
0.047361 0.047260 0.018954 0.018926
0.047260 0.047160 0.018926 0.018898
0.047160 0.047059 0.018898 0.018871
0.047059 0.046958 0.018871 0.018843
0.046958 0.046856 0.018843 0.018815
0.046856 0.046755 0.018815 0.018788
0.046755 0.046653 0.018788 0.018760
0.046653 0.046551 0.018760 0.018732
0.046551 0.046449 0.018732 0.018705
0.046449 0.046346 0.018705 0.018677
0.046346 0.046244 0.018677 0.018649
0.046244 0.046141 0.018649 0.018622
0.046141 0.046038 0.018622 0.018594
0.046038 0.045934 0.018594 0.018566
0.045934 0.045831 0.018566 0.018539
0.045831 0.045727 0.018539 0.018511
0.045727 0.045623 0.018511 0.018484
0.045623 0.045518 0.018484 0.018456
0.045518 0.045414 0.018456 0.018428
0.045414 0.045309 0.018428 0.018401
0.045309 0.045204 0.018401 0.018373
0.045204 0.045099 0.018373 0.018345
0.045099 0.044993 0.018345 0.018318
0.044993 0.044887 0.018318 0.018290
0.044887 0.044781 0.018290 0.018262
0.044781 0.044675 0.018262 0.018235
0.044675 0.044569 0.018235 0.018207
0.044569 0.044462 0.018207 0.018179
0.044462 0.044355 0.018179 0.018152
0.044355 0.044248 0.018152 0.018124
0.044248 0.044140 0.018124 0.018096
0.044140 0.044032 0.018096 0.018069
0.044032 0.043924 0.018069 0.018041
0.043924 0.043816 0.018041 0.018014
0.043816 0.043707 0.018014 0.017986
0.043707 0.043598 0.017986 0.017958
0.043598 0.043489 0.017958 0.017931
0.043489 0.043380 0.017931 0.017903
0.043380 0.043270 0.017903 0.017875
0.043270 0.043160 0.017875 0.017848
0.043160 0.043050 0.017848 0.017820
0.043050 0.042939 0.017820 0.017792
0.042939 0.042828 0.017792 0.017765
0.042828 0.042717 0.017765 0.017737
0.042717 0.042606 0.017737 0.017709
0.042606 0.042494 0.017709 0.017682
0.042494 0.042382 0.017682 0.017654
0.042382 0.042270 0.017654 0.017626
0.042270 0.042157 0.017626 0.017599
0.042157 0.042044 0.017599 0.017571
0.042044 0.041931 0.017571 0.017544
0.041931 0.041818 0.017544 0.017516
0.041818 0.041704 0.017516 0.017488
0.041704 0.041590 0.017488 0.017461
0.041590 0.041475 0.017461 0.017433
0.041475 0.041360 0.017433 0.017405
0.041360 0.041245 0.017405 0.017378
0.041245 0.041130 0.017378 0.017350
0.041130 0.041014 0.017350 0.017322
0.041014 0.040898 0.017322 0.017295
0.040898 0.040782 0.017295 0.017267
0.040782 0.040665 0.017267 0.017239
0.040665 0.040548 0.017239 0.017212
0.040548 0.040431 0.017212 0.017184
0.040431 0.040313 0.017184 0.017156
0.040313 0.040195 0.017156 0.017129
0.040195 0.040076 0.017129 0.017101
0.040076 0.039958 0.017101 0.017074
0.039958 0.039838 0.017074 0.017046
0.039838 0.039719 0.017046 0.017018
0.039719 0.039599 0.017018 0.016991
0.039599 0.039479 0.016991 0.016963
0.039479 0.039358 0.016963 0.016935
0.039358 0.039237 0.016935 0.016908
0.039237 0.039116 0.016908 0.016880
0.039116 0.038994 0.016880 0.016852
0.038994 0.038872 0.016852 0.016825
0.038872 0.038750 0.016825 0.016797
0.038750 0.038627 0.016797 0.016769
0.038627 0.038504 0.016769 0.016742
0.038504 0.038380 0.016742 0.016714
0.038380 0.038256 0.016714 0.016686
0.038256 0.038132 0.016686 0.016659
0.038132 0.038007 0.016659 0.016631
0.038007 0.037881 0.016631 0.016604
0.037881 0.037756 0.016604 0.016576
0.037756 0.037630 0.016576 0.016548
0.037630 0.037503 0.016548 0.016521
0.037503 0.037376 0.016521 0.016493
0.037376 0.037249 0.016493 0.016465
0.037249 0.037121 0.016465 0.016438
0.037121 0.036993 0.016438 0.016410
0.036993 0.036864 0.016410 0.016382
0.036864 0.036735 0.016382 0.016355
0.036735 0.036605 0.016355 0.016327
0.036605 0.036475 0.016327 0.016299
0.036475 0.036345 0.016299 0.016272
0.036345 0.036214 0.016272 0.016244
0.036214 0.036082 0.016244 0.016216
0.036082 0.035950 0.016216 0.016189
0.035950 0.035818 0.016189 0.016161
0.035818 0.035685 0.016161 0.016134
0.035685 0.035551 0.016134 0.016106
0.035551 0.035417 0.016106 0.016078
0.035417 0.035283 0.016078 0.016051
0.035283 0.035148 0.016051 0.016023
0.035148 0.035012 0.016023 0.015995
0.035012 0.034876 0.015995 0.015968
0.034876 0.034740 0.015968 0.015940
0.034740 0.034603 0.015940 0.015912
0.034603 0.034465 0.015912 0.015885
0.034465 0.034327 0.015885 0.015857
0.034327 0.034188 0.015857 0.015829
0.034188 0.034049 0.015829 0.015802
0.034049 0.033909 0.015802 0.015774
0.033909 0.033768 0.015774 0.015746
0.033768 0.033627 0.015746 0.015719
0.033627 0.033486 0.015719 0.015691
0.033486 0.033344 0.015691 0.015664
0.033344 0.033201 0.015664 0.015636
0.033201 0.033057 0.015636 0.015608
0.033057 0.032913 0.015608 0.015581
0.032913 0.032768 0.015581 0.015553
0.032768 0.032623 0.015553 0.015525
0.032623 0.032477 0.015525 0.015498
0.032477 0.032330 0.015498 0.015470
0.032330 0.032183 0.015470 0.015442
0.032183 0.032035 0.015442 0.015415
0.032035 0.031886 0.015415 0.015387
0.031886 0.031737 0.015387 0.015359
0.031737 0.031587 0.015359 0.015332
0.031587 0.031436 0.015332 0.015304
0.031436 0.031284 0.015304 0.015276
0.031284 0.031132 0.015276 0.015249
0.031132 0.030979 0.015249 0.015221
0.030979 0.030825 0.015221 0.015194
0.030825 0.030670 0.015194 0.015166
0.030670 0.030515 0.015166 0.015138
0.030515 0.030359 0.015138 0.015111
0.030359 0.030202 0.015111 0.015083
0.030202 0.030044 0.015083 0.015055
0.030044 0.029886 0.015055 0.015028
0.029886 0.029726 0.015028 0.015000
